218 2134
1305 5162
1483 7370
1478 8808
1375 7352
417 7606
837 2975
15 2550
1565 1346
292 55
1863 9759
988 2155
444 6622
71 9869
1820 6540
4 2786
1639 1401
1313 479
1616 1902
1842 9420
1663 7811
640 2072
1302 2176
68 6925
1222 7795
1557 6597
1970 353
1053 1692
324 1808
515 9864
1599 1636
1477 4823
86 6760
307 2600
219 2240
228 7037
489 8445
1875 7966
870 5905
1642 50
388 1059
498 9114
1431 7045
362 9054
380 1668
1798 2124
1911 6528
1530 142
541 6845
1351 1756
1860 3016
1236 9281
871 862
113 9810
783 4170
1208 701
1998 525
694 3534
654 643
985 5752
1658 7715
1273 482
683 1016
1723 5023
1893 1790
68 5107
1715 8446
875 9859
1888 2014
371 748
727 6562
647 2662
590 1544
1511 2714
1727 4307
1330 2146
343 5733
852 161
130 7251
258 6291
1095 4932
803 1205
15 634
1793 248
220 980
688 3618
376 7795
1247 5798
1532 971
1341 6437
1954 9084
1518 9141
1612 4706
1166 4385
1846 5274
1972 6849
393 3879
459 1067
674 1267
1277 778
147 9417
1825 958
1081 3235
167 516
1486 7167
65 6952
1087 2840
1540 952
1312 658
175 2235
942 245
1884 4609
1173 4974
197 5404
1284 8226
1256 2320
782 2181
1405 2231
178 2299
744 537
1021 1692
123 7898
94 6861
30 9571
1818 44
865 8021
1746 6908
880 9100
882 531
200 6321
955 672
602 754
67 1168
1773 1062
1451 594
185 2891
1 3146
978 5379
1927 2020
1793 5839
644 1898
937 218
1498 7895
1256 4857
568 9900
1213 5617
944 1186
521 3577
11 5938
1529 5234
1900 546
1107 5157
1122 3329
1582 4123
1986 7076
743 8371
1829 146
194 4223
958 957
1949 9728
1342 5634
1931 2020
795 4707
1936 6060
1758 5858
1832 531
973 9697
301 5452
681 1080
1449 6859
1352 375
504 6327
549 8524
386 2366
1030 6199
71 7641
1918 1789
379 3954
1429 8522
101 4020
213 6265
867 1361
870 6249
432 5210
1804 5672
1576 7706
623 3683
267 7715
1276 6738
1825 6670
906 1614
605 7533
1839 3924
1605 1236
1284 5038
449 9351
950 1232
1073 9061
703 5216
804 1942
1685 6185
294 4944
1312 5586
937 5552
1618 5995
1848 552
1922 311
1944 7187
1481 6337
912 3377
1249 7320
587 1727
75 9100
1915 7430
800 2270
128 936
1418 2131
649 9318
148 2554
58 8933
479 9006
1583 2658
1398 4989
351 4932
820 9290
1861 2353
661 8016
1995 9668
58 1416
648 4429
1009 2669
1756 793
1093 62
1481 8499
609 3412
1045 267
363 8916
877 3030
639 8999
1803 2407
664 88
1803 8765
71 2126
795 6700
1437 3995
1249 4944
555 2323
1986 3423
700 2497
655 1551
1089 7639
1490 9737
1838 1445
906 1404
627 5276
1844 6260
1886 2003
651 8444
782 2537
513 2433
811 1388
558 793
180 9498
1447 1285
1065 694
1827 5539
1195 8765
91 839
1072 2745
1568 1674
331 1877
497 1987
1724 1507
268 8614
1476 7259
1317 9786
1452 9652
598 720
1078 4808
950 7376
1539 179
908 3382
55 6508
1253 5917
1370 471
85 202
400 282
122 1165
251 415
1847 3428
1120 2186
784 6688
855 5275
1489 3163
119 3990
708 778
146 2449
1299 464
172 173
490 2324
1026 3785
1937 4740
233 483
489 7609
836 2672
68 9500
362 7263
666 5450
1958 89
1305 3492
1697 667
812 1114
670 4967
495 1866
804 1416
1490 7955
241 581
93 5502
909 4200
1539 1215
1213 2030
938 7609
297 8625
1050 7856
688 821
1443 1235
1115 817
292 1321
1263 5007
713 4058
1190 9781
1045 2322
1280 260
848 4098
726 7200
1859 7960
720 3745
418 2688
7 1994
1736 7306
877 1241
330 2846
1660 5534
516 4878
1677 271
729 3211
250 9931
1658 4410
1238 958
1220 4599
427 3140
670 1595
755 6273
1027 4907
1019 5441
862 2209
1189 3851
1107 7247
302 1035
566 8577
1728 2736
38 5186
120 6115
169 7586
1578 4010
1550 8006
275 796
1071 1952
320 9574
310 289
845 4925
273 9820
817 2660
1017 7517
1528 5888
623 6986
64 3114
1464 9
152 6006
1595 226
294 3330
904 6710
680 8528
1868 3872
1710 2343
1602 2859
1910 4295
924 5172
87 412
1250 897
1970 3781
282 6290
1701 3621
1320 4631
146 6857
1128 4019
1745 492
906 8335
33 888
973 1042
356 317
960 8031
156 4215
1173 9376
928 3051
326 7090
1780 9057
540 4912
952 2441
478 5700
1119 5511
295 3964
658 6881
203 1898
1942 3707
939 462
524 9664
1767 8151
440 8772
788 8552
1796 3560
1023 9960
22 2878
1040 124
1727 9261
1297 6793
69 4999
337 8373
291 1545
1700 3341
1231 6242
494 4141
1773 824
896 8027
370 6104
178 7668
284 6428
370 7531
1744 7058
828 9743
307 2506
1162 2877
1677 2400
365 6102
1499 6108
1325 1075
1173 102
1005 165
31 2973
1011 1089
1235 537
1159 2237
814 9343
1961 3060
1210 2998
1592 2128
269 2104
16 4153
608 8219
1364 3784
274 2625
29 4897
1486 2012
1249 2705
1290 4022
1031 6003
1537 448
1418 8314
1108 1497
108 1194
1900 9986
1661 6183
19 9487
1292 4979
1972 9776
1262 2434
368 4657
556 4305
1411 1055
1873 934
678 6157
437 2825
998 405
356 5267
1253 818
1219 6278
975 9661
1539 9661
335 9287
214 6645
99 2279
1858 9773
1437 36
1908 1258
1564 6966
934 110
1851 1992
1428 4073
552 6256
172 5777
168 2274
885 6814
1577 1553
1601 8089
56 407
1493 4598
1764 1592
1592 7903
1666 2562
1338 804
82 3528
1896 8800
65 3951
1533 6429
1585 2808
315 5834
1607 4032
1562 8236
67 308
400 4771
1621 489
1170 9519
958 4858
1849 6707
373 4771
1433 1528
315 718
1630 6116
177 7660
1000 733
1464 6151
568 6441
921 229
427 1208
486 7391
1591 7396
304 1443
1540 7943
427 8183
349 6606
175 3471
262 637
529 5328
1648 1715
641 3014
1404 3055
1237 8563
124 211
294 4809
1680 2248
392 458
1775 355
672 5614
388 4406
290 1717
1755 1338
1289 8669
1388 9499
1738 2038
568 1332
442 3108
1809 8093
1935 9141
1583 2002
1205 2148
1312 342
723 3981
1423 5192
1965 9617
57 2069
1723 6269
604 718
297 1878
465 4715
1408 3416
1483 8479
469 8079
304 3006
1808 2101
952 1053
272 893
1572 6938
1470 319
1648 5691
1183 4342
1916 2091
1278 4998
375 9570
313 1650
637 4276
218 8845
1060 2749
1672 1263
1 1883
783 2314
880 8845
942 1198
499 9338
0 1418
506 1717
926 1107
820 8720
1795 8954
117 1567
1583 6969
1305 5870
527 5598
440 1509
301 3036
1803 2971
772 4238
654 169
1960 6413
1158 2848
1971 2644
1156 3677
162 1042
954 1436
258 8767
590 8156
1653 1091
1661 4113
217 1603
338 975
971 6973
1639 4214
903 7447
971 8665
1204 6931
868 4163
414 8950
167 5292
1923 2936
1990 2184
403 190
1961 6865
433 3239
688 7782
79 1604
408 5140
665 5388
924 484
753 9406
398 2981
1851 9112
1974 6908
649 7639
282 825
74 928
1855 8763
1646 9631
735 230
1901 6910
859 885
889 8233
1714 8539
897 399
1635 814
344 7163
1216 7846
677 8051
612 1634
1676 3905
1350 620
1309 1281
1038 1438
923 3082
1127 2404
1632 4336
1205 3284
639 9241
1193 1788
1546 9023
4 9467
453 5654
1272 5763
1291 7582
405 4125
943 826
1394 5565
693 5602
1050 167
1314 1655
1690 2547
1266 3717
1479 77
233 7501
421 3280
92 852
1286 6563
1536 7702
127 8084
1667 8575
1074 3253
1114 8300
1079 1557
587 3165
892 6304
1884 1581
1455 8665
1579 7525
761 3287
95 5470
1149 7485
543 1445
529 223
498 180
445 3938
1078 2335
754 8659
837 6877
1709 1643
1717 280
1355 3665
911 6981
255 1008
1875 6967
386 9098
1097 9025
1770 2190
43 9564
270 7190
993 8920
1833 2996
1629 7206
1214 8606
441 9461
1531 2807
109 1995
1792 2992
661 1559
1169 1439
1826 9221
1178 623
1792 865
83 2952
568 3775
1605 6672
359 3802
1772 3778
559 4732
173 1055
1004 4078
1129 1954
921 2096
1507 9191
308 4139
846 9599
1936 5733
58 669
1482 1573
993 1413
926 3079
1885 2038
1146 2594
1613 2581
1635 728
1912 3660
519 6638
33 5459
611 334
1899 1326
1014 1433
1646 8438
1541 6688
666 1741
1152 6852
1116 4220
1989 3516
719 9119
1892 8184
1653 3476
995 9748
1430 5471
1731 2639
1640 8546
2 732
320 6459
1922 5272
264 1454
809 8237
1665 2197
1003 295
171 2405
998 7094
1043 2371
812 8579
827 2151
374 5078
592 768
294 2695
761 6983
1214 8819
1451 280
1087 9841
1573 991
741 806
1512 1167
1217 9542
54 9241
1255 4556
1744 1483
570 6908
712 2071
36 1511
446 9685
1386 2543
841 4315
1502 555
228 5404
87 1676
1388 8863
1935 3553
919 9171
428 1193
1767 1311
897 920
1038 7534
117 5883
756 4474
1380 9807
1367 3128
1861 1342
1507 2934
652 4476
610 6912
641 7969
1094 1272
1825 4376
1157 887
947 3128
19 4047
429 7168
1398 1300
1015 1640
582 9451
1408 4997
756 7856
1793 6766
1485 5774
1583 9549
1582 1275
1989 5496
1018 9426
1441 9905
218 693
605 6650
1861 7890
1649 253
320 3253
1879 4363
1991 7631
1647 851
1964 3094
933 5445
447 6317
1279 6247
1152 7429
1051 8921
897 611
1113 8276
1423 5428
148 5416
1282 6591
1495 9702
1555 8026
701 427
1886 192
1994 7103
1976 7761
552 828
1939 8586
325 6547
1583 5702
731 5259
339 5429
1535 3595
812 557
1535 8202
149 7214
661 7173
648 4410
993 5793
580 8853
1943 4994
1728 2169
1604 1483
910 2685
599 1159
931 1655
845 6647
359 9488
237 9772
984 1239
1478 3368
500 2904
1749 9664
166 6430
715 6005
560 1414
1055 36
1179 3559
1488 6634
954 2031
1886 9531
1046 2239
729 3109
1381 4474
810 5617
796 5098
1601 5466
247 1812
1422 4609
470 6733
1044 7263
651 8988
490 8172
849 4402
1588 2320
303 2279
1730 2617
493 8567
1400 7021
1703 925
1982 2512
1663 1150
1512 327
1943 938
1944 3710
640 431
66 887
1389 462
1473 5156
1515 5794
968 8007
1365 3470
812 103
1938 6982
320 3110
1794 1616
1008 2274
954 5340
35 7208
1084 5059
107 4639
315 2332
158 548
1181 8037
1594 2706
209 8527
212 7205
1187 3418
1874 415
1229 5220
1706 1226
769 2636
1514 6526
133 6075
442 7718
269 9494
1375 6574
159 5869
1841 2272
1843 4455
1742 5743
986 5858
48 4083
689 485
29 3479
310 3481
223 1871
378 1688
1955 4558
151 5924
1221 8582
275 8411
972 194
1861 6937
385 2737
1832 1310
1942 6227
1231 9666
1957 697
1736 3575
1686 7960
1380 590
1445 5134
1781 8716
1619 2696
216 1614
1308 8883
1749 3754
1258 2146
1365 1128
1512 976
1012 7970
745 7622
1047 1527
1097 1454
1296 7670
852 1257
895 602
470 3455
779 9744
627 8773
865 9569
1624 2820
748 780
657 3351
406 2659
156 8372
350 1577
606 6591
795 8250
149 7580
512 1068
366 2276
1104 4501
840 2697
1348 1341
1465 1053
1354 5909
303 5248
1504 2520
425 697
977 6513
1703 1431
1295 893
1743 1304
931 2498
1170 6489
1169 9840
1438 1423
511 1895
549 6
567 3386
382 376
1498 915
1162 608
120 3622
1418 9807
862 762
1520 4543
1631 9685
1507 1431
1862 9400
502 5182
1690 6139
1803 2307
1411 393
804 1484
1692 9072
1066 8013
602 4562
1234 2924
1340 975
93 7811
868 5943
1886 4453
549 5034
850 8149
556 1010
1403 3011
676 9892
1101 2808
357 6227
1261 52
1389 2133
198 3974
530 8218
1534 2412
86 314
1432 6107
1291 5054
1371 257
649 99
1252 5834
1007 9082
1111 9984
1830 4339
732 2310
924 859
327 3750
1423 9619
1592 5305
1400 8484
1525 3336
1147 688
325 9296
1756 2490
1918 1707
1940 3048
560 3133
228 3991
84 5692
1801 1569
0 3396
1249 4379
1324 5738
1277 1890
1898 2255
359 3351
1889 3383
1494 3383
954 714
607 9568
1759 8139
1070 3665
993 200
726 6882
457 4849
1109 8676
1505 5692
187 2106
1555 7063
765 4312
594 2112
805 507
1753 9826
1196 1305
337 737
1515 7306
38 6776
1326 3975
524 385
330 1986
350 53
913 3303
1447 4788
1155 7985
1540 8359
647 3871
1226 9827
699 4568
228 5057
1272 7901
624 2941
105 3647
1115 7196
637 7617
1802 6849
1595 8767
1098 6257
1318 1935
1626 7781
593 1190
248 8144
324 8095
1704 162
256 7079
1340 6588
1376 7164
1729 5173
864 696
566 1325
1106 3240
3 416
1631 3618
487 3532
763 1606
370 4967
1660 5060
1861 7291
300 9518
6 9379
717 3743
632 7051
1036 6397
699 1250
1465 3019
1952 4515
1478 5570
1135 8949
574 9858
1516 7072
1401 7123
680 6449
381 9856
1780 7328
790 9526
1707 1407
1577 5497
96 4197
725 3448
1414 3724
908 9346
1279 8936
1137 9882
343 9050
818 2199
1633 7187
1719 2142
82 2765
1963 4
621 6598
1883 46
1983 9982
125 9132
636 8131
1251 9478
1353 9419
1216 2565
1468 4643
874 4757
65 6053
1776 3353
1038 3775
1918 2560
937 1489
943 2391
681 1334
306 3551
538 7576
1440 9440
1445 6846
365 6190
526 1127
669 8027
496 1275
1353 6557
1574 4031
658 1889
844 154
1766 8656
1974 6166
880 833
1006 5657
196 8592
1748 2628
1323 2605
1857 683
1228 1368
76 5911
1805 8012
945 4665
1416 3257
511 1328
160 1606
145 6460
278 2950
1983 9076
55 539
1094 3269
1097 4265
981 5083
902 1740
1961 7877
103 3340
1980 6804
949 6192
457 1925
1308 5073
1811 2256
306 7696
1254 3487
1270 9579
1358 6770
1612 9180
119 5763
1656 7442
1509 3622
1560 2420
1525 3475
1431 8211
276 2806
992 8703
814 3591
1152 8301
1545 9862
1071 7816
931 4377
1039 2150
1322 9002
1878 8588
1243 9850
233 3844
668 1195
170 8845
1070 8716
1060 932
1373 2725
1539 8610
1018 2550
474 5318
315 8700
527 6549
1153 4628
985 8655
1930 9794
1741 3060
376 1828
293 6966
627 1186
931 448
26 1657
709 7000
975 3033
1225 3137
1588 4044
1442 3508
1856 2056
235 9871
342 7622
1148 4863
72 1907
1883 8283
808 5879
708 3616
1152 6789
1532 8052
1811 5474
274 9685
1154 10
8 1970
419 1199
401 9101
1968 1955
11 3455
908 9096
1742 4316
1467 6837
1237 9641
1346 6844
525 3915
76 7162
220 2177
1823 8463
1525 8341
815 8671
1800 6191
1697 2264
798 6107
515 4692
1462 8204
474 2673
394 9409
203 7584
998 6678
14 3611
1129 8526
832 4666
1964 3040
1144 9576
403 2864
924 4465
1842 6575
517 7838
1027 1845
497 2533
757 8110
343 4331
1830 3075
1664 3115
148 1403
516 8492
1616 1425
450 4237
1524 5016
837 1812
1959 9228
51 2648
1630 827
1191 3643
1349 4180
978 9244
15 5166
1037 2396
954 6028
834 9440
1463 9983
1772 3382
1721 9901
1260 8475
219 6641
877 1596
182 1187
362 1676
1683 6346
15 518
1438 9823
318 4563
685 5523
1059 5853
80 7827
297 5765
440 5515
686 5298
1516 9017
1956 4252
1626 1684
762 4936
1707 3037
91 4276
10 1924
1733 1654
374 7726
781 9728
470 9493
129 3270
157 3041
701 35
671 790
1842 9145
322 2685
836 2711
40 5304
435 8496
1036 688
1069 1914
714 8817
305 900
341 8457
1159 251
1331 9853
878 1103
11 5084
1062 4466
467 9992
1040 2177
259 9826
723 5429
622 9589
1520 5756
1617 9526
1960 2020
620 2442
1372 1688
466 7593
1380 4846
1020 769
1460 8159
642 7918
1693 9
396 2537
832 4002
1158 5439
345 1022
1715 3555
1625 851
3 3782
259 6299
344 678
1324 2569
517 6789
669 3728
1080 8876
938 8368
458 3279
504 3586
1124 6466
683 4886
1492 604
957 4074
1760 1451
806 270
154 3769
296 5191
757 30
1002 9985
1671 8245
1080 1384
544 4963
361 776
506 1749
1009 9155
32 5050
39 1907
1604 8642
185 3441
684 3380
1871 2854
205 7574
1230 5103
523 9464
463 2726
208 242
575 2735
235 9520
1991 9552
938 8922
782 1109
299 5721
798 8338
1247 1719
484 1179
672 1911
1772 8096
1397 1061
1357 9485
1332 7646
1441 9169
583 3299
104 2509
2 4426
1309 3984
387 6470
1769 880
587 7304
838 8731
348 5318
1910 3615
4 9306
1750 7847
1913 8942
733 2215
1893 1864
426 3882
197 5088
1757 8634
1948 6793
1475 8479
1821 2143
1976 5867
1656 6622
1721 1062
708 5460
1816 5814
1375 9224
419 3538
1810 9242
550 1446
409 7404
352 8249
1249 9986
1220 541
1970 5126
402 7031
1615 8703
1477 4976
1451 9123
221 2891
1535 8715
1920 8808
346 7782
1916 7256
1784 2224
65 9602
1638 5412
605 6005
1188 6752
247 9167
987 7624
912 7054
322 4990
247 5845
780 9952
1868 5201
676 2194
7 669
732 5262
1594 3442
706 5305
132 2307
132 5031
1015 4312
1029 9154
1421 1417
944 9415
1815 13
365 3154
1253 7619
402 3948
1101 3026
620 1857
997 2668
1070 1639
1715 4424
88 2603
440 3920
1164 6798
936 9912
1501 4273
158 5697
1273 9788
669 3564
1577 357
1369 2642
1638 111
343 2052
1262 1441
1571 351
1223 8281
1297 2114
84 2624
1510 5843
565 8176
1863 1902
436 5267
1474 1919
733 494
1180 9411
1197 8142
1066 3066
63 4370
468 320
1443 5225
311 5228
1312 1789
571 3544
251 8880
692 2674
1193 3557
44 7266
1841 3075
1985 5965
341 7445
570 2681
338 7526
576 1475
278 2347
331 3757
802 3569
331 316
1249 153
1912 6401
1256 8193
1708 518
1389 7030
175 8107
1596 4710
1603 7985
600 714
209 8088
1520 1140
1267 7492
1443 6597
1236 645
228 7378
1877 7367
433 1064
754 7958
240 3469
36 9750
59 9609
168 8883
1759 2198
608 1332
575 8372
216 5462
1438 9392
107 3942
1437 1061
167 1614
1713 8099
1263 9636
1288 9135
1440 607
1454 5388
598 8412
1131 6473
383 1936
1024 9178
112 9167
1586 1579
1463 2524
661 3234
129 689
700 7685
1628 5185
352 3260
1632 9117
1568 3144
1994 9092
248 7940
1305 9886
21 5259
396 1963
727 4298
1291 2311
1512 6728
1430 3809
396 2467
427 8029
1929 7036
1804 4998
490 8166
1727 3768
1742 7098
728 1581
1222 8431
1204 2454
703 5001
1767 6012
845 2287
1689 8631
953 7137
1421 47
28 1898
1234 6065
844 9378
557 7045
38 4200
1590 1358
77 862
1330 289
545 7476
945 6970
180 4426
969 1787
297 8416
915 4725
302 289
1348 1548
1580 2415
78 5335
188 9136
40 5206
1084 522
1164 7319
1091 9531
1776 857
561 3468
935 1954
938 1958
1992 9343
1572 1270
1407 5931
511 6125
1411 5442
949 5451
88 645
1266 5965
1781 2944
358 5140
921 4122
1096 5129
954 5742
253 878
1022 8504
26 182
1741 8321
406 9975
1207 9087
1251 5983
1490 5047
207 8517
1222 8308
1333 8146
1597 4380
762 1071
1701 2977
197 3840
968 821
782 4722
814 5378
1979 5841
1873 1785
102 6973
1953 7002
755 894
681 6035
833 1365
1042 604
974 6421
1446 5986
1072 7410
408 1058
1986 8777
1906 8793
411 3328
1519 8378
661 911
954 9615
141 8016
583 6755
742 1586
1760 896
179 900
1171 4085
1029 8464
1274 3818
705 3798
1546 2582
1846 2747
305 241
349 8337
713 9270
1890 8761
1538 2347
1410 6630
399 1396
261 7412
1024 8308
238 729
1600 5734
1361 3338
1776 7356
1253 3186
451 2197
1418 5486
379 868
1676 6396
1268 4095
808 9686
928 101
1438 5193
771 8243
1080 8491
447 1001
1946 1612
851 5112
859 2572
559 5663
947 1838
60 8823
133 891
633 8731
111 5770
1657 2092
1583 3678
571 884
392 1088
666 5049
758 8031
455 2357
110 1014
1347 9443
202 7389
449 156
660 6562
603 5652
1680 5321
948 2542
1550 2497
1950 6775
1104 426
669 7825
617 548
652 9374
647 7241
686 3649
1411 782
808 2991
791 405
1485 5675
1903 4711
1449 9075
306 9296
1955 597
1762 3163
1052 390
1587 8241
1869 6404
1561 348
1361 4746
1589 5952
766 196
241 540
554 8756
121 3933
1691 3876
1597 2484
1263 4221
1748 4729
269 3544
691 432
1932 6690
271 667
35 9989
1615 2272
1489 3429
213 1996
766 3512
559 456
1969 5706
409 7212
1539 1535
837 5553
307 3258
766 4299
652 2686
152 7510
1156 2627
1116 8176
1479 4300
1812 9720
868 6422
946 6294
437 1923
37 4011
805 9848
894 6410
413 6084
592 6743
447 1554
1911 3774
151 1680
138 8151
894 2193
644 9865
1729 7408
287 3869
1394 8998
466 533
1821 8878
988 764
1646 4855
1377 4623
753 1770
1702 1117
377 3213
1991 6923
725 6534
1745 9419
609 8116
1932 61
297 8042
121 9206
563 9629
477 2257
333 1249
1596 5284
372 9743
1914 4644
375 3498
1950 2587
859 2146
840 6137
1552 1144
1012 1688
1668 6323
1247 2789
1143 1746
1033 3532
399 1059
172 7011
141 7188
1452 985
1231 8424
816 3424
615 8524
1760 7306
1484 9930
847 9040
1023 1758
1851 8648
1201 2551
1715 7927
1907 256
1384 2421
830 7536
838 6193
1397 1039
1557 1829
71 1850
188 7612
953 9224
1429 3040
980 2413
1895 1880
746 5279
351 1762
1471 200
416 3358
982 6588
942 7532
1849 9275
485 9205
397 3961
319 9552
805 2476
1157 8014
1158 325
1429 5336
1371 6947
118 6138
313 2660
1704 5807
806 2478
1759 1119
438 9949
114 1062
278 2462
910 6839
957 539
17 1969
175 8727
1108 2368
676 4445
872 5815
1512 9620
212 7453
1461 8278
45 1638
1134 8561
1640 4644
1100 6365
716 1293
1775 3087
940 4046
573 6637
339 7440
1295 7763
1216 874
1868 2086
1508 3879
629 5255
1898 5626
1444 6090
1383 7887
