2639 19893
2573 4982
409 5642
2750 8892
3714 13696
2981 4871
1567 6890
2302 11285
2824 8243
3609 13992
1610 4994
2253 5318
3229 13057
2639 1701
1973 10366
2115 6021
508 5233
3091 7262
2848 6943
2398 19227
1225 14879
2194 4615
109 10011
189 10823
3815 9337
576 7624
1574 4058
2533 2459
2050 5122
3827 8574
885 8794
3904 12830
3975 11411
1414 15001
3658 5196
537 12200
2631 789
2904 220
3096 9716
3329 17417
728 6472
298 13889
2328 6829
365 5698
1716 1248
3684 5810
3141 2051
470 19529
3416 2882
3600 8529
1119 13751
1464 4810
2054 6795
3038 401
3497 1598
1139 7777
1315 3050
3998 14234
1418 13795
2477 6881
2106 1057
3689 6857
2127 2016
2510 1296
727 9223
2809 8717
2343 13001
2498 16521
2061 2313
1164 3339
806 9985
2523 1081
3313 7589
3078 3419
2755 6947
1548 7554
2012 2062
3499 5705
2522 18235
3439 8539
716 5131
3913 11445
1738 19306
2752 3725
3204 183
1260 6068
2424 7941
3712 7896
904 962
1575 2285
2315 4246
1587 6188
2978 12430
178 9660
3373 7290
3234 4753
2944 10419
2886 4210
1617 17761
1594 6975
2483 5596
3939 6163
3047 15570
2891 8486
721 1928
939 6679
905 3460
2857 10952
692 1611
1893 6569
3794 7270
2895 6970
1881 2794
1115 2283
2818 14968
183 3750
1346 16098
3228 1744
2972 3407
2339 44
2612 1601
2490 18529
2471 21
2647 8637
3898 15243
2989 17593
1264 6695
2909 5310
288 6775
1390 14248
550 6261
704 6763
3225 7119
1789 9780
3325 9029
3057 9457
1178 16211
2491 13075
716 16401
2501 6803
1948 11319
3985 17203
559 6660
1556 5126
1534 10305
3144 9234
2854 8481
60 1813
0 19212
3694 2246
1300 5981
604 15005
1929 7112
3543 6102
1248 3807
1754 6098
482 7415
3738 415
823 5927
2909 15929
2041 913
3216 16912
2600 7204
3252 8236
767 12513
888 4430
1223 3772
2797 10201
363 774
3190 6705
971 9417
766 7939
52 11763
47 2789
1264 10294
3296 16927
1147 11247
2319 5802
1494 3974
1999 5688
3071 17813
259 14933
2720 11725
2476 7180
422 8789
383 4525
2389 7445
155 6829
731 12178
121 18734
2690 1530
3300 11489
3402 6307
108 19433
2839 14606
3350 7362
1670 5490
3798 5666
3013 9591
1504 542
3268 15103
410 2512
71 2540
3094 18040
3965 7134
1503 4897
2742 2907
2834 12678
2576 14516
3344 7412
1234 3654
304 19537
1309 16574
3674 1853
3392 11393
2769 1816
3275 8779
1041 16933
2951 6389
250 2701
260 7453
1450 9543
3890 11969
3762 10486
884 11115
962 12659
3185 17172
1959 3725
3181 11682
694 3727
280 19892
2185 6689
3269 16768
2377 11825
30 6650
3308 9939
1494 3544
1858 8710
2207 3923
43 6298
3293 3697
2539 5871
955 4417
128 11135
156 3782
307 3135
629 6584
685 13313
57 5607
1933 10078
2676 12481
1751 1970
3069 16470
3726 6216
1062 13787
3589 9496
917 16044
2291 3823
2712 1685
1189 18830
3860 2034
1368 19701
2527 11701
232 11233
2895 12488
162 9587
1554 9012
2081 14547
63 12417
3767 10261
3725 5311
1641 8091
1155 5988
3841 3835
3152 1239
3006 11874
2364 16877
142 825
3358 9746
3807 12456
1487 14187
627 14328
926 8409
3826 9277
1542 4383
260 5747
3230 5448
1695 12552
1551 9251
3453 16539
107 16849
1234 19492
187 2177
1533 5524
2106 11192
3421 7614
3521 5367
3526 1590
1890 6040
2003 4696
3481 1562
734 14732
511 957
3502 11977
1633 6671
3569 344
3473 18249
1322 15067
3835 11380
2316 7821
3355 8016
3336 8107
1133 277
3 1972
3141 11547
2188 7341
2144 12728
2284 1512
3802 9032
1375 3461
3681 4210
1730 5273
3210 9448
974 1679
259 8591
1444 7821
3753 8160
1608 18424
2907 9358
307 1082
206 5000
2980 16835
3939 13474
183 3693
1398 8367
345 8261
119 178
1659 10823
3646 10422
1381 12104
859 4729
44 634
2316 1072
2087 11052
179 11559
94 3376
1447 11817
3236 802
2025 8351
2343 17733
1498 4700
1541 6255
1356 3544
482 872
1174 2650
3831 10511
3019 1372
1581 5758
1357 3242
106 17104
3965 14795
1963 1087
3287 9540
2835 18258
1244 3193
3619 2327
3600 1429
811 18093
550 2859
3967 1542
2552 9118
333 3531
1339 12446
3694 4929
786 8820
796 2922
962 13793
2851 5295
1286 1058
3450 17916
420 22
436 7788
3263 14530
3026 10279
1006 19029
987 10569
2605 8776
687 9189
1331 9769
2200 5962
2884 6232
770 6244
2920 1168
1869 2086
3068 6922
3009 5415
2823 447
929 12203
3183 10413
2850 4548
1549 3612
894 695
222 2081
3716 740
27 11971
787 9985
460 10940
743 1734
2201 1889
3538 3630
3553 7494
463 10556
942 5660
1875 1436
1352 4220
3973 1260
681 7753
3375 17978
657 10993
501 10064
2140 1108
3782 13134
688 3305
145 19286
1915 6044
250 2638
29 796
556 5601
481 277
3921 199
1362 10905
2336 8775
1356 13252
2295 1786
2000 672
3913 4273
1596 11590
153 3161
346 9030
3432 14654
3928 1609
2572 5135
920 10197
289 6976
360 1265
1892 6517
405 15850
3678 14078
1276 1493
3389 17565
3170 8853
3849 9104
1540 10175
2582 8363
273 4253
85 18822
246 8912
944 10455
3642 11193
918 8033
2412 5178
2483 6189
2969 5944
1988 13847
1059 18979
3338 5773
3918 5402
2461 5524
2333 15977
1314 12044
2908 13844
2144 6932
863 632
3983 12944
747 4624
3026 11818
755 6454
1799 5560
679 2346
1053 1693
839 10104
1925 178
830 5525
460 18661
13 11530
2312 3586
2757 9716
1136 11058
1754 107
945 11330
2388 8993
1918 5
423 10190
2120 17052
453 9418
1679 917
2898 18842
1111 6162
3321 7631
2046 17804
606 13419
1870 11223
3923 14213
1614 199
2574 17487
957 13811
2779 2614
2690 7802
3662 2761
829 6403
3580 13022
930 11753
1035 19826
2728 5815
3943 6096
3677 1936
118 1651
764 5426
110 9487
1921 13052
965 13581
3324 206
969 14229
229 10735
1938 12273
1487 7125
3413 13295
895 13056
730 7272
3551 18376
1008 9567
1902 12505
1471 8588
571 15516
1086 8121
658 5240
3782 1548
757 10872
839 19623
911 19566
3930 2572
293 6040
2134 6341
1454 4451
679 6051
2693 5326
3964 8197
3228 4048
2336 18940
115 18588
2219 16973
2217 3779
793 12438
1841 13946
636 10548
905 1983
2765 12004
2856 8822
297 4232
2742 11417
26 7853
2977 1455
2323 8107
717 4636
64 2540
3787 5050
2941 4401
2477 3685
518 16881
568 3645
2671 7491
2171 15368
1557 14655
3423 10615
981 18848
1920 14666
3899 2252
1564 406
3197 16919
3689 965
1993 14340
2923 11390
284 1966
646 5831
1461 3398
3569 1961
1322 12446
2156 8499
3097 13574
883 10945
3169 12500
1939 6302
2642 9481
3325 3592
1762 10994
3257 3891
674 7180
733 1873
1649 1036
2653 13552
271 12861
421 2500
2100 8907
101 7079
161 11392
300 4350
375 9005
2776 894
2279 16588
237 207
331 2659
3557 12271
339 715
3366 1306
194 10642
986 19881
1114 4030
2267 8344
1812 9107
269 12045
2741 10327
1841 11445
1246 13683
3127 4401
2051 8509
1683 18290
3742 4052
3444 18048
2436 10795
3313 6113
2520 19626
388 9240
607 785
3964 6956
2868 8478
3949 2955
509 8785
619 623
2494 13358
1783 12480
3948 2531
2456 6425
3204 10507
2638 1167
3165 7314
3236 2191
3452 26
2628 8519
2279 6589
239 8041
507 2260
1453 1836
1121 6455
3617 19123
127 10822
256 10481
1643 13831
2756 973
1990 561
2045 18499
2406 10825
3975 7051
1716 5387
2497 8766
1944 2795
3997 7382
2801 1660
116 7637
1450 11985
3996 9193
2057 10370
2620 7918
489 2705
1118 9909
970 18094
2662 5540
488 14232
2243 5981
1642 3525
580 10724
2331 15875
13 6843
3422 1087
2762 10704
2046 2535
1251 6393
260 5035
1200 3999
1356 9033
1327 3449
3386 11882
212 5786
2953 15558
3392 17582
1316 12687
949 6528
153 17421
1704 16064
874 7526
312 3844
2982 16992
3359 5132
2008 9353
1351 9322
30 3351
734 10658
2237 10508
1741 8590
2098 17949
1413 13765
3500 10931
2235 10781
3033 11377
662 5230
2494 12854
1638 16793
1707 15526
631 7593
1709 6596
1447 9721
3814 8547
2868 8375
2426 12989
249 11303
364 9667
1243 6986
1481 6743
3327 7776
2882 19574
350 3372
1216 1530
2171 16216
723 8959
1556 3737
1835 16004
888 2419
2155 12628
665 19520
923 18150
65 2669
477 11329
3689 3014
2914 2884
3368 435
2526 3429
1641 1763
505 8441
2368 5704
3911 13236
3262 2370
1691 3857
99 7105
2487 3187
2932 14789
2759 8013
1773 8361
3311 8671
2200 928
2753 16386
62 6910
2004 7782
350 16057
498 15514
3708 13009
2672 16652
284 78
2947 19634
527 2090
2993 11240
1421 10959
3334 13338
3748 10978
3720 18085
3631 7584
3853 14713
2603 16743
2572 11521
1094 4152
625 7878
3928 8348
85 12625
567 12293
1805 7088
646 918
1 14619
2221 5349
2880 11927
3855 15584
2546 2778
3479 3150
2830 12368
2741 1944
1934 4190
1736 10024
3615 4933
1788 6096
1213 12457
3926 9453
1599 5939
3949 1294
591 1812
3900 8592
1693 12010
1749 18636
308 3848
2648 6643
3436 7057
484 5912
3778 453
2477 18191
101 14815
1839 10325
2802 14270
2818 2544
1731 17411
2190 17848
1059 6426
1825 11863
1669 16093
2879 6285
1974 7509
3449 12086
1487 10754
3329 7280
1008 7325
1693 19255
10 1628
1658 3732
3579 12374
642 6934
3199 4231
1681 2143
2149 8886
3845 19650
1536 8182
180 8843
31 12330
3299 6816
1632 16940
2100 10534
2208 9711
2399 11592
2869 16515
3076 9779
2720 2362
3903 14693
3069 5097
222 8200
285 272
911 16985
1622 1021
381 11854
2649 7534
93 4248
3653 2295
644 8164
1178 4867
251 19656
1040 1053
950 10557
1385 8785
1281 2279
4 207
1403 15901
179 16784
1384 2213
2320 3324
3234 6719
907 9163
528 12806
1095 10538
762 4050
1702 2401
315 15681
3714 16626
3927 12311
1182 10245
2095 1155
1500 11266
1843 13125
3920 6974
3800 19757
1620 5306
1514 69
2173 11143
3779 12530
2638 8591
1117 11767
13 9808
1060 17978
1683 15050
912 9291
3399 3228
306 8866
1421 3178
2412 11912
346 17281
1798 9049
2347 11454
254 2697
1495 5292
127 5701
1027 17644
3094 9051
789 12474
1601 5404
1035 2413
1832 1600
76 2111
49 10731
3391 654
2543 15695
282 13731
3962 2834
158 9457
3813 7858
2370 15776
2028 13446
3372 14858
1868 3334
2695 9829
1688 17358
3762 6307
2408 4574
469 8086
565 10918
3706 11608
387 3137
1465 234
1213 5471
307 1275
1736 14664
2276 19115
1041 10205
3315 11665
104 11745
1612 10266
2481 19320
2384 10291
2616 4942
746 5769
3269 1371
1190 12686
1424 9830
381 18591
183 10792
884 4836
430 10227
2374 9719
3670 5427
1631 2696
561 10035
330 3457
1013 4546
3021 19430
3455 4663
596 12127
2986 14579
267 2041
2624 9991
1200 17417
3375 11478
40 19571
256 5820
1808 1578
293 7407
3927 9625
3952 9188
1163 2497
2028 5141
2161 7524
3718 11554
2617 10946
3179 9109
2193 12097
1977 299
1305 15986
1934 752
2294 6417
134 4106
1707 4878
3459 12217
3109 17322
1549 4349
2102 68
605 15448
2820 17109
916 1429
3395 2200
3953 4074
3360 12942
3267 12666
831 5920
412 5150
232 2279
775 15749
1341 11081
1595 2009
3984 4932
879 7588
2354 12272
2000 1427
2383 4992
658 8730
728 5450
2052 11897
1153 7239
3303 19325
2060 16732
768 4521
3269 5562
1611 10038
272 2308
530 12248
1120 335
31 676
1577 3726
111 4047
600 11183
39 3129
1634 5375
3627 5546
1626 853
3149 13275
2023 17518
1602 19256
2421 8949
635 13188
203 5798
2739 637
221 147
3044 2306
1410 774
1472 3123
2985 2728
1180 12920
39 6241
1007 18533
2132 1153
892 11676
2968 15262
1387 10291
1536 2783
863 6647
1589 6681
100 9265
3055 2488
2823 2568
709 16576
3563 6247
3720 9876
2457 1633
2161 8502
1623 10451
856 4241
412 3080
2823 2068
2307 11874
2062 2751
1566 10488
2104 4131
1133 2459
1758 8677
1456 14013
2010 16643
2201 14324
2751 4379
805 4187
3591 13896
3084 1435
1581 7725
2615 11272
2268 2391
113 11566
1511 9438
3809 14478
2331 6285
536 8931
2994 19843
1126 6122
1833 4377
145 8801
3156 19492
1417 5199
977 349
405 4933
922 12415
3890 11427
1663 5808
3038 17470
2995 3236
912 10849
2374 2559
874 14097
563 7546
3505 5302
1146 1064
3260 17206
81 17209
1740 6212
343 12606
2939 14937
1097 18925
2424 8418
2584 12552
1649 3771
1690 505
3986 10457
2016 5793
1358 7758
1097 10386
3290 14889
2133 14809
1122 14844
1501 8256
1783 5698
1696 6066
1286 5984
3617 11072
2959 4043
3823 4132
691 12427
2373 19109
399 6623
1491 8410
2601 7489
2524 2930
201 2379
195 4372
1642 3098
1759 4866
1809 19058
566 2947
2845 11458
361 1408
959 17033
621 3791
1548 5944
3418 111
1776 9594
3783 13492
3398 4179
1909 8484
3749 10501
3946 13632
3677 11128
1729 8007
1571 11386
1089 1655
2729 6981
43 16757
2449 3041
2200 3280
3011 18442
34 4385
3837 13779
3554 3701
1643 16490
378 11854
3703 7838
1683 6054
1186 6943
2186 7382
916 19172
455 1879
689 7027
974 12679
941 7421
3001 3310
513 6279
3494 16001
253 16049
685 6822
1408 1936
3125 6585
2087 18206
455 15759
3842 789
3202 14201
1645 1368
2001 12267
350 12147
762 7933
506 19684
377 5874
2125 11897
2668 7768
1721 4668
3504 15759
174 5805
2476 7725
3484 2350
2988 16449
2885 7301
913 8406
886 6621
583 9979
2743 12366
151 1089
1473 6270
3198 9156
2863 18280
3262 6765
2264 10364
3091 1303
2525 6695
1289 6290
1502 5173
1228 19717
1266 3348
3359 5910
3254 9435
1201 1134
3077 2090
2414 6681
1193 10548
3250 10924
3313 14490
579 8810
3395 8026
2207 13832
3988 3752
1555 335
1238 8507
1869 9506
2577 4652
1109 2433
3158 5082
3608 11438
3663 3505
1957 2446
2043 18349
3068 8529
537 10137
2754 12917
3650 16701
58 1608
3964 14967
561 18349
1580 16649
985 7650
1515 1940
2329 11359
29 14691
1538 18945
990 12107
485 13159
190 6897
867 15517
1935 2605
1989 17911
1820 10669
2606 10784
28 573
1965 3092
2439 5286
3703 8331
488 4788
20 5880
1556 14621
2873 6832
954 18399
2838 12334
2523 10344
81 12246
1852 8124
83 5816
3258 2835
2721 1560
861 12417
2254 11596
752 7034
2063 10854
239 10549
1551 9619
1218 5392
3011 8930
2090 4501
1153 2217
26 5307
2893 11429
3272 10704
3668 7392
2339 8566
29 10328
2086 17355
1980 18557
3246 9741
3785 19643
1225 2654
2352 6009
752 11685
1034 13121
2807 13077
396 1025
1634 12561
863 9201
282 7664
1744 439
927 158
2600 295
3200 8324
3295 11247
138 7112
108 11474
2238 5079
1153 8914
3686 643
1237 3475
2920 14568
673 6782
3611 9811
2607 1284
1914 9637
1839 13188
1912 6836
3724 5327
339 6034
1183 7369
2667 8082
2722 1010
245 2345
1352 6470
1803 16338
1899 10882
1190 5493
3846 2408
2479 18920
2885 15749
2610 7797
2617 912
3508 1982
368 18870
582 2815
228 18900
634 5748
2995 8036
2390 5051
111 15549
679 14234
982 11348
3480 10148
3685 16167
3779 4216
2441 11323
3911 6635
2806 2083
2651 1447
252 12261
2114 467
1078 6552
95 10133
3045 4689
2922 18805
956 14526
2916 12260
1661 11538
295 11677
1253 13986
1314 6955
3235 13551
2308 11180
1966 2213
2070 12468
3544 1955
526 5173
1981 12541
129 957
3905 15455
2265 8064
249 10514
2599 5271
1096 17699
315 1001
3213 8834
2674 12554
443 11401
1391 12546
1258 2782
1517 11983
2860 3994
819 18125
2018 15051
3305 14868
1359 15478
1482 10595
3181 6593
1147 12284
127 1201
859 9584
1063 16879
475 3356
921 13424
2928 9620
2672 1237
1767 13855
32 17840
632 1059
1099 13769
3518 12675
407 12256
2278 6406
544 115
1926 9242
2346 18530
656 7736
3898 1329
358 4170
2278 13294
1328 7370
1033 9300
3852 1645
2108 9775
3014 7328
738 9888
2921 12113
962 12867
3764 12657
3194 17168
1168 7321
1489 11295
2305 8011
878 8592
3451 18426
1032 9801
1175 5773
3230 193
3366 15839
584 11197
3653 19755
3277 7800
3921 614
1686 7816
2461 3213
3587 12575
290 3553
3581 6224
3351 7344
2763 12115
2977 4790
1225 6858
1388 9188
3285 10341
2618 8320
1708 4162
2876 12780
2358 11705
2719 2539
2461 7191
2760 3553
3779 2666
804 10203
788 15165
2905 12144
1145 3011
2113 13318
1039 13497
600 11447
3288 3207
19 6197
2640 3080
3187 1388
291 9003
3771 11943
2845 6200
2462 12470
1122 19735
2941 10926
799 2317
1328 433
448 17736
2594 16528
2948 11102
1314 5231
622 5457
3927 15208
2525 1941
2963 8338
382 3061
1324 14274
384 5171
1543 3763
3336 10351
726 4611
2215 17002
547 10782
2697 10410
3181 11102
334 18944
2675 3763
3806 5257
1262 16320
953 5395
2756 15238
1070 9824
2650 4677
1069 9551
3850 10080
2973 4281
2742 8768
2386 6426
2203 9532
2746 16657
2889 17880
2263 8649
1234 6347
2194 5048
3969 1893
3502 10440
2222 11473
1626 10133
3279 7991
107 9910
1872 11845
1418 11103
3526 10607
1577 17382
2272 9109
2748 6372
2527 164
2854 4191
2952 63
1201 3238
248 6752
3426 6429
3191 6969
2924 11865
3760 13216
2692 16398
1504 2795
885 10823
1709 19800
3573 7317
3673 2480
760 18189
3159 10956
835 12971
2429 12536
3843 14203
858 9880
735 6137
906 17737
1131 4407
2440 6281
159 2592
2819 2745
424 17722
1876 4641
2301 497
1199 8693
1364 6706
2872 9111
3222 9205
2136 10237
1968 19359
3280 1653
2348 3622
13 326
2783 5878
1916 2809
132 8883
992 6519
1449 2048
3939 8660
3976 17376
3817 9037
282 8028
1547 8718
3943 12228
258 1879
256 3321
3553 13216
1936 1898
3496 17370
2480 17597
3351 15352
1915 6321
1376 15022
3906 1089
833 6776
960 12460
368 9183
528 6995
3319 13560
2910 6498
546 557
219 17746
2742 1567
853 5262
2821 6508
422 7925
1855 622
1260 18304
1963 2469
2873 2565
214 3606
364 5371
1099 9811
1952 2718
2117 18813
1251 7125
3233 14375
1737 4722
1398 13405
2434 14202
3785 11460
2409 13958
636 5028
3135 585
1384 16388
1496 8467
1835 693
980 11926
1667 4914
3536 10279
124 9349
542 8806
2118 11981
3986 6145
170 5119
3231 16022
2366 16491
1538 8760
1624 11905
1724 6804
448 12084
3750 2293
3400 9277
3584 16452
2368 1794
2794 13492
549 14201
2807 5821
3482 8104
3743 1575
122 10031
3476 15913
3180 11944
2039 19667
1304 8749
1195 2953
3834 5403
3979 16273
1941 19222
2168 12239
137 1070
373 17678
391 4864
822 8642
3940 10783
2614 3147
3949 5620
1385 4189
251 8708
3441 9982
1191 18289
629 144
1631 3812
590 18607
2744 8393
2404 6621
1319 11131
3449 16893
139 9762
3044 14556
1517 3066
577 6198
1068 11831
3622 3512
242 5445
2873 11746
1514 1876
2624 144
1334 9780
3289 11769
3356 13277
3948 17591
1665 13683
3102 6696
2841 15944
2375 5972
1181 6850
134 2033
1150 7230
2835 1667
3993 6901
1525 4039
3372 10559
3926 18770
1544 19093
2451 1430
3111 5595
3672 8261
800 9277
940 18617
3800 18457
2473 3186
2235 17342
2927 8993
428 5619
3352 17094
2681 3900
495 16373
275 5080
797 2494
572 8078
1444 5837
2370 15690
2128 1327
523 706
939 18454
3345 3741
3440 11614
2928 4758
3426 8625
157 4958
3486 2280
2426 9504
1869 5300
3367 3113
1183 15676
603 11912
309 8135
2516 9138
3389 10140
3275 9608
3907 7976
2827 15165
294 3488
611 10931
2633 9512
1082 134
1995 5907
2755 8395
409 10571
977 13722
2242 9492
3693 8009
1612 18508
421 10139
1669 7638
3367 10938
2716 3223
623 5792
337 14464
1117 7164
2219 3437
1739 2963
3624 10701
3069 13029
634 18980
761 1201
1584 5773
2073 12635
2290 8644
1055 10894
1938 4643
2056 1885
607 3435
132 5614
1787 12549
2309 1913
1615 16457
3223 7725
30 10047
175 9172
2968 517
2630 1240
3568 11472
1384 15366
2575 13430
103 9458
1610 4332
3702 16795
882 2123
2547 1552
75 10872
68 13107
3391 10596
582 14557
2387 9681
3522 10370
2363 6679
3521 19222
3465 357
3137 13553
1836 14796
1512 6351
2551 536
3608 19483
446 1536
548 4685
617 2145
3074 10289
2946 16614
193 11594
785 5995
733 1782
1674 3233
625 17460
3301 9620
3021 10628
2735 10636
1320 4558
1375 1137
951 12613
1036 12659
3838 15789
509 9736
486 5243
2976 12311
688 11132
3295 9428
3305 10809
751 6381
2463 15193
779 8805
595 5031
2306 14815
751 12918
1612 10205
3546 6626
450 7977
1450 5336
2063 2133
3801 14137
1313 5918
1722 16859
3204 6614
3374 3697
113 12129
2739 8589
3587 12576
828 19587
1643 8237
1126 8271
773 18630
618 18041
2858 8717
1135 15191
2343 7407
2690 15380
3085 12708
3976 7696
3018 18231
2483 7241
345 19686
20 3512
3093 2412
2096 6591
2676 7773
21 6081
2354 2418
2798 3922
1259 4838
3670 9681
1325 11519
3466 13459
3020 11153
1154 6723
920 8384
1121 8774
1325 9764
3594 17219
1417 8754
2646 9955
1700 11801
2499 4277
763 8234
591 7414
716 7803
3622 10063
201 12781
1848 6175
2215 6765
3983 13946
1078 7992
1343 8946
1302 11811
542 9429
360 16090
3670 1367
1538 1895
185 4946
1159 2325
213 13900
3127 17813
1352 8984
2915 161
2965 19102
292 1024
215 6303
108 11401
1686 1716
124 4011
2968 16791
3704 6796
1465 13060
920 6672
958 12641
384 3293
679 380
1523 3804
707 1556
323 9443
585 3898
3244 11377
1859 4889
1378 12537
2253 8820
936 11587
3231 111
2146 15599
1735 3346
1869 3484
3259 3305
1262 13160
1486 4398
3464 3448
2560 19819
1266 7066
3579 5531
2664 2313
2715 6033
2400 4914
2093 10843
1248 10196
252 9895
2671 7885
360 3847
9 18419
3480 9810
3063 767
2001 4043
3646 1457
2343 12742
3798 11824
531 9511
2206 1520
2374 17453
3438 11002
1662 16144
174 9766
3670 807
3173 15852
1858 1197
2260 13532
1340 7492
2276 74
2233 5178
3293 206
2975 684
2424 7627
666 9128
1592 10958
3149 3799
1204 1785
2055 6395
3352 8961
1686 9973
1998 2357
1088 875
3446 5152
1583 15848
1373 8465
3597 5284
2765 14649
401 4773
97 10740
312 3750
3676 8555
3447 6647
3163 4441
3472 3813
3560 7949
292 5915
3472 15376
2152 8905
1687 11111
1211 11301
970 4603
150 9616
2486 10168
1124 6458
3288 2546
1972 11591
3380 13743
2861 10036
2153 5728
2594 3925
1636 10097
199 6849
1909 2468
3491 11856
3935 19673
2245 14435
1972 10578
2587 11206
480 884
2369 7954
612 7855
2327 7573
455 7457
1847 9398
72 17528
1669 8339
3254 18583
680 685
2531 9083
952 9607
2743 18910
3735 1067
961 13596
549 9166
2835 724
3919 2869
2671 12753
1161 3767
3484 19370
2812 9861
958 9607
2656 6440
1221 7013
2030 12265
1316 13019
3791 2583
3493 94
1753 5636
2203 450
2780 8689
1240 6818
3351 8971
1280 13985
433 7254
2653 15122
3493 13482
2837 11318
2620 8155
2105 16036
801 5053
1151 2733
1906 10054
402 1536
2163 17814
1480 8587
3431 2742
981 12260
193 19261
1471 6183
1975 18425
209 14625
345 19244
947 9900
801 9492
2842 9499
3339 10511
1212 13497
1830 6302
1287 11981
2316 5898
722 15041
2063 4837
2644 4419
2068 5363
723 16331
1796 18216
768 6526
1153 3059
2210 4947
310 7003
2736 5524
3474 11497
2051 11239
1046 6151
2026 1677
1356 13415
2144 1962
2107 1799
1179 12167
89 14131
2502 3765
544 876
1010 15443
1188 17767
1065 6705
2435 10553
387 10965
2366 7794
3740 14238
2600 16039
3333 680
220 15285
2105 2160
1940 19299
372 7576
2391 3815
1183 12940
3506 6731
2447 262
747 5905
3631 5007
1105 10549
3227 1416
3896 1651
2031 5896
2020 4648
1054 3942
3332 16125
3719 2489
3041 5249
69 2525
2903 9590
2663 6202
1379 3887
3423 1376
1917 1401
2942 2037
2888 10712
1056 1203
2504 19474
2660 1963
2707 12274
1567 18990
907 17478
1777 5998
1067 13642
3256 6560
3808 9096
516 11013
1498 992
1419 9609
3043 6181
1085 10635
3759 15304
3738 16158
1653 11833
3811 16080
3165 8683
1615 3785
186 17816
1055 2550
314 4549
3444 9031
315 4134
767 1653
608 12773
3673 15593
261 15263
1524 3224
3567 14671
2738 851
296 6224
116 7007
841 797
2006 10559
2200 12539
3545 12667
2485 13050
1281 2491
1423 663
3424 15828
93 7270
1330 13159
1962 11662
3243 10118
1872 6933
1582 4120
3944 5374
192 13087
2592 5007
1916 7512
3470 6744
2919 10915
1157 13073
3943 13764
3621 7108
944 3593
2744 7531
63 10412
1562 2555
138 6747
3801 16289
1399 5239
1598 3403
1869 3322
3145 9322
3816 9884
1540 16918
3601 823
3313 6323
1741 5641
2725 3283
533 7355
3993 8221
3910 18656
2271 19276
1625 896
2194 14715
918 10518
1585 18591
1892 11830
1869 9525
548 16114
3745 2014
928 19967
2882 583
1821 9652
502 4238
2776 14643
682 11779
2513 16235
2782 2859
3265 18237
996 267
2929 2237
2954 11683
1294 6780
1076 9176
1016 6148
3213 10678
986 3811
3359 11414
2623 4363
2049 16413
1314 10873
752 8421
1574 17461
1122 4032
136 4025
3095 11545
3826 4182
2544 350
2481 5300
1413 3451
490 8664
561 17416
1544 5706
3953 7687
1721 18775
1485 3174
3930 13813
1398 7212
3631 5381
2033 17682
2999 1406
2482 7694
64 1640
2989 6424
151 11333
2472 15303
2307 1079
2197 4732
3891 11358
3743 11586
756 8928
419 4819
3623 6350
3841 4991
51 17317
51 2857
3063 18642
2558 1170
1698 8634
2406 8666
3911 13945
486 8227
1099 7849
2016 12057
2689 6053
3218 11375
1432 14062
2251 4108
915 3726
1788 17446
569 13787
273 13837
1518 9118
898 3275
386 2389
709 8298
1353 7318
1095 6264
170 3861
2011 4679
123 5736
2738 17559
590 456
172 7959
1701 19067
45 2505
2219 9584
979 3527
1542 5802
3719 14787
3847 7169
3602 10707
3748 3525
1042 5068
1353 11044
2126 1422
2826 4238
2374 12257
828 17592
2094 14686
165 10622
2364 9713
1168 8236
2080 61
453 5086
340 8097
2169 8742
276 12666
1122 1454
16 9769
3310 1759
864 14198
1877 9441
3767 5365
2187 9220
26 10600
1402 16223
2835 3621
3344 2006
673 10202
3861 2945
3794 16142
3968 3307
1716 18953
3946 16185
1577 9879
2307 8172
1753 10152
1571 5415
268 92
1700 2293
696 7870
494 4357
3255 7630
3347 4664
1181 15939
3517 7709
2217 12401
996 14106
698 12967
2372 16845
3460 4380
974 5651
578 588
190 10282
334 12957
3533 3570
623 6663
200 8634
530 7379
2305 18712
285 10658
1157 5592
1152 10898
1069 13113
717 573
1304 3219
3273 9410
1241 11070
2147 6504
3693 5584
2596 8256
3920 3013
584 18539
2032 9476
972 12892
2946 2623
3688 10206
1268 7931
320 11737
2371 1041
597 11794
2862 7444
801 17808
1099 2803
1059 13062
24 5218
2327 9134
692 6548
3914 11986
3183 17964
1069 9201
831 1909
1351 9056
2484 18413
3312 2799
1615 7337
3419 814
3310 6774
2932 6799
2443 7964
939 2349
807 2663
207 974
513 19913
2206 12421
3595 10298
3644 1883
1886 18049
1794 9679
2188 18616
2361 3579
2647 10187
519 9817
3201 3585
3497 8614
2467 2399
898 18918
3650 2057
787 6312
2878 19274
2540 2187
1357 7797
1 2593
3336 8493
1024 5939
2980 2466
3874 3045
1380 2045
1024 6844
2765 5375
201 8797
3194 10693
3377 5944
145 19886
3563 4388
117 15071
3323 18860
2845 11367
3781 9067
6 17727
1610 15860
2372 9013
2132 9014
3327 4105
3087 2398
3451 11990
155 11741
3480 6165
1535 1835
796 17759
2369 6059
2925 6482
3219 5873
580 19798
2800 8514
3550 13440
839 12699
1397 9655
823 2613
2062 757
1116 3911
2388 1167
3112 11308
549 9177
2325 9159
2091 2404
1978 9956
526 14186
381 9121
1832 9771
1513 5293
2458 17592
3328 8335
1533 6448
1042 5514
763 3434
3310 15744
3454 15762
2999 5749
2921 3287
2491 7413
966 12901
577 792
1280 14830
289 11428
1555 4782
1785 13236
352 8111
1948 17113
3173 1034
525 12702
3436 19535
2125 6416
2211 18215
849 1085
1484 792
3800 252
1878 6217
2684 3822
1612 6567
678 12547
1451 4519
1351 17792
1850 17196
1828 10303
2997 12939
2417 14168
3691 17966
578 6911
970 8854
638 11118
3958 8260
3509 13796
1889 4442
1299 4846
3544 9053
2773 9157
2906 9949
892 12184
239 249
1888 16107
3830 1277
1734 4288
3199 16365
1173 12374
1722 5894
1445 8495
1360 8227
665 11094
3889 9246
527 2976
397 10679
3126 14866
519 18234
3423 10180
102 12476
1303 6885
2478 8582
3667 19679
1232 1109
2669 14876
3677 14369
527 6408
608 4732
109 6585
3372 190
344 10637
1395 3039
1008 12979
2106 13348
3673 11629
2857 13982
1809 17459
2503 11439
2817 3036
1893 12846
3923 3417
2490 2733
547 5826
3151 10553
2168 17173
3356 1953
437 796
1523 10299
3019 10959
698 9924
242 4154
287 10215
3863 14047
840 17087
120 3135
2120 15424
974 9461
3801 6259
42 13796
806 12736
1731 16691
3303 17105
2831 6965
435 7060
2480 5966
1009 9410
369 6995
3472 4286
3249 5329
2712 10656
991 10992
3680 6962
1959 10329
1698 3642
2955 10678
1451 8762
1942 3130
663 15028
1261 1505
2781 16658
39 6552
3270 9445
3934 8864
1092 6349
2471 11375
1025 4088
1950 9240
2709 1550
2501 4108
3485 7628
2639 17377
2568 3151
2968 16946
3795 15764
3800 11783
1111 9469
3063 9270
1857 8951
995 17322
3427 2522
2591 7491
1898 19984
158 8286
2639 7546
3249 14743
1682 7151
1086 15340
2467 9158
1234 9988
3043 11703
1463 18479
3275 6301
713 3759
2666 3038
2245 13240
821 430
1700 7604
3131 13296
2951 11851
503 9279
2643 1409
489 5196
1695 12095
1062 16009
3723 11031
2735 358
1139 8354
256 7769
708 428
2506 6403
3791 18035
1987 16433
2140 8107
2043 4096
1536 4198
2931 12581
2610 14674
3626 15403
3738 10179
1560 7198
908 4083
2878 17128
3124 8711
1565 17690
1489 1076
167 18862
839 13665
2931 8394
47 9551
3636 10344
1298 15671
3852 12019
407 7570
957 16532
665 3743
3073 14958
1820 11776
1466 4231
1121 7398
3084 8616
56 11663
3658 12583
3541 8172
2030 10147
3046 14952
589 4047
3493 4390
1099 10899
9 4522
1866 19695
1793 14715
1705 7489
2980 6439
171 7305
706 5576
1524 7371
896 7845
1435 10389
2690 4604
2493 17026
2089 18718
335 6174
3551 1788
2262 6795
3185 12417
2650 1123
3389 5567
3000 7263
2699 10095
2647 11575
1633 17715
1661 9515
3825 2207
3939 1921
1718 10391
2822 5872
2847 4954
288 4509
1547 12608
2070 13252
1494 9535
2355 2169
819 12084
1494 5487
314 8929
1767 7385
1059 6066
3407 13807
2612 9796
1288 7476
696 9671
1427 2261
785 1923
3241 19188
655 14906
3316 12550
2753 9389
3711 9305
3627 10593
395 9338
185 6051
2851 2967
2483 11722
1970 18816
3121 4284
1588 12467
1873 3732
3242 505
1927 13122
274 1003
532 7283
2391 8472
3802 16882
2660 1355
1230 16271
3903 7497
2927 7039
435 6136
1111 3557
1390 6311
1935 1808
621 1897
136 3332
3573 16419
3015 669
2916 329
2401 8882
518 6308
1736 13846
1132 15031
452 19301
890 2914
2181 8861
1504 2598
791 10986
76 6793
1431 15431
1693 11421
1478 3617
1787 1789
2588 16382
2373 10967
3199 12159
3755 14544
979 11810
734 12164
2292 3179
3524 14509
2914 18179
3792 3175
476 2273
3730 17809
1777 2377
2251 16278
3602 9202
2851 9901
204 1773
3839 7997
2965 15650
2989 8709
677 19229
289 1403
2855 10249
805 9940
3279 5819
3181 11044
2830 691
425 7334
2628 9567
1726 9597
3317 9088
567 8316
1216 2512
952 9923
3916 5668
2708 299
995 8719
1375 357
1188 12328
3334 5597
2291 5069
3069 7269
852 15591
3065 10383
2200 8079
2304 4090
3607 1746
2334 15025
3231 1201
1338 369
139 9068
3464 2314
1432 15361
479 7911
2676 5615
1773 12145
919 13375
2538 5265
3255 9637
619 17941
1430 4228
1080 8661
95 2800
3616 7830
114 2904
299 8078
667 11555
3409 16489
3433 5625
73 844
1182 14086
1924 3448
1923 5115
1883 3570
1086 502
3653 9728
1350 10179
366 726
1814 4579
709 14961
288 4075
3125 8612
1636 6608
2295 530
3777 8450
3077 19355
907 2262
3345 13178
2622 11593
3383 5838
338 10241
337 19736
1711 6102
3690 19428
899 3793
277 11692
3666 10868
319 8185
589 8251
3170 11947
3494 16929
1627 4923
226 7974
2270 5439
3824 1039
1768 846
2874 3150
3670 5156
3290 10788
564 5192
1199 4932
1816 9261
719 6362
1297 10902
479 3820
218 13149
3873 1088
1843 15221
1389 9598
690 5838
131 11383
2677 9722
735 16838
1947 10222
2190 12726
180 9098
1665 260
3351 413
2176 17798
3763 450
1665 19500
2919 11888
3993 7878
757 14737
817 4359
2964 1488
1628 17480
806 18713
1065 14992
2602 2364
3700 2866
2483 14578
3426 888
2808 13859
3021 14879
333 5639
380 3714
2353 811
3190 6715
1386 5847
344 11720
3054 8238
966 18347
3459 11957
1951 1844
1130 3287
1972 10786
791 2952
2713 5704
2180 12585
29 11469
71 395
2263 10967
3201 17912
130 5640
1496 8814
906 2761
2983 3437
3047 2694
2996 5940
1353 2171
2627 3431
1109 1294
2249 659
3472 12444
3524 8309
3000 11128
2793 3768
2363 1841
2205 6077
3426 15156
1000 10720
1614 3570
2375 13176
2567 3396
1921 2271
2641 14059
3485 9203
543 10588
3378 957
3980 8317
30 8720
3528 8809
3995 12692
367 11930
943 8003
3489 2696
3331 9299
3757 6316
918 12278
2479 8554
723 7678
2588 8911
3232 8517
3964 11799
2680 13292
2231 17682
2652 3010
3155 1927
1157 3687
605 15674
3357 2354
2053 5386
2831 14640
2959 3710
1436 11534
3527 12130
1872 1241
1845 11436
692 3555
1777 516
645 1161
2553 7139
3012 7411
289 4827
207 18395
1578 15287
689 3762
2038 18980
3062 14719
1787 1777
513 1545
1174 10547
1985 12695
2466 1356
1825 12470
2025 9260
1439 11483
3449 16601
3264 3050
59 16011
3522 16342
2432 6299
3314 6666
2461 14462
3102 9863
3449 7084
2637 3343
3749 2693
1966 5826
683 10006
3119 2150
1161 9176
3216 10764
1600 12059
3159 16400
1384 3681
3460 9410
2183 10317
135 3171
2594 6974
3409 12754
3795 12279
3593 12232
763 6081
2400 7840
601 3730
3431 8219
2972 6640
575 17858
790 49
48 11598
209 5733
831 7365
2022 11190
2426 12421
1196 1358
3958 1190
78 17786
763 19483
1057 7918
3549 11066
2196 14953
1679 572
1032 12186
1331 2279
2210 7651
2581 19818
3966 18685
1657 6792
3014 17149
3058 2296
356 13845
1173 16396
2197 17342
1132 10642
1726 17876
1199 7416
1155 9410
3920 17843
3637 6048
1750 18656
1228 2490
3309 8204
2646 14291
1180 466
399 11434
2199 2180
881 3132
693 876
685 17994
2981 19987
891 4252
2045 6689
1039 7845
2739 1862
876 5385
79 8440
317 3805
544 12638
34 8463
3855 15213
2824 17830
2385 4657
2140 4842
3072 13326
257 7334
3724 17767
2464 10573
2766 3807
511 2619
1086 14270
1397 18750
2246 16502
1661 309
3734 3270
2633 6807
1049 8511
2041 18967
2984 16582
525 11527
1149 19257
1495 19035
843 8502
1076 11759
492 13272
1948 13867
2747 7138
567 9926
931 7297
1011 12329
3159 18990
276 6325
420 2961
3979 5255
3428 6316
683 7131
2676 2071
3159 1776
3113 12679
2687 12427
3102 245
365 2269
3568 19580
315 1321
494 10403
1832 15201
1163 1884
747 6480
3767 747
3206 7646
1517 5419
286 10831
622 10286
3882 15853
3213 12292
2283 14119
3852 15006
1115 1818
2535 13906
3592 3343
2511 514
227 3109
1691 13848
692 10897
3642 1941
465 15939
2347 5259
2031 13194
1937 4775
2936 3803
1121 18067
1565 15310
1054 7418
2030 19817
391 6702
71 5025
1775 10214
3405 10782
1517 7212
2714 5663
1045 4503
3605 14942
2919 14867
2406 7253
486 4298
2536 19776
2412 2237
1568 11397
3164 12467
45 4114
1784 3286
288 5094
2292 11673
1518 723
2250 1342
3971 15490
2192 5976
2650 15543
1223 3085
1386 10198
1653 19966
3 167
1494 18538
2810 7478
1390 15791
1504 8638
3426 10482
3962 11974
519 2178
1357 14284
3867 18808
1880 322
979 1793
262 9175
3157 1951
2276 16151
2503 8013
2832 5749
1607 3905
371 40
2620 2615
625 15091
2861 5548
2142 12714
2129 2440
2354 7826
870 16448
2880 11496
2822 6970
516 581
3447 5010
3099 16160
546 2557
3160 6772
2055 9548
820 8035
2958 3283
3333 18492
2465 11082
2899 2361
2008 14452
583 16556
2901 19839
2436 2811
3281 19947
890 7817
119 78
440 10967
48 4535
995 12331
2046 2641
517 7344
1260 13259
1895 7166
2214 1814
1793 124
3494 3630
1521 3458
3662 3292
1803 19460
1437 5980
1969 9484
2331 5403
2371 12710
183 11075
3288 4835
2548 10169
77 10774
3295 5894
3517 9987
2148 10582
178 16601
3905 510
827 4829
2459 9857
3262 9097
3280 8212
2512 11957
2541 19040
2755 8757
3649 584
863 7234
3665 4012
2676 2526
45 1358
1743 9138
3907 2355
428 4858
1011 2443
1258 10276
1891 16852
3813 10772
2323 2140
3456 13228
3572 9478
1249 10634
3284 7664
1953 3026
797 15858
2980 2030
480 16009
2598 7347
2731 1908
2711 7654
1027 2975
3753 9951
3694 4798
551 18765
1455 6684
840 6297
2775 12246
1764 1263
2682 13729
3430 1787
481 6131
675 112
2014 256
3210 6191
1925 15523
3452 6374
152 9696
350 7319
1667 1255
1292 5978
618 2044
113 10245
2176 18837
468 18795
1882 10852
3573 8100
547 11222
2009 2828
2513 2395
578 9485
1623 12678
3330 4865
2268 8087
3569 6386
2444 4215
3646 549
1902 11844
898 4696
2326 9486
91 5543
2908 3457
535 18165
428 9028
3951 2088
2591 1377
3415 7126
3563 11590
819 9439
2006 14284
267 10011
2256 11478
3010 9238
610 4827
2692 9816
609 18696
2847 7978
2696 8320
3411 3190
389 6181
2028 5038
2546 10204
2768 7856
3079 10283
3412 12265
1678 11238
2708 10519
1399 4043
2275 14035
3565 9323
1631 19087
777 4170
744 7804
2470 7336
1170 7696
1524 3585
794 2981
3121 5298
1398 9893
2805 4445
399 7973
1580 12559
563 4624
1769 11647
2886 8326
2969 11546
794 12068
2646 10653
2815 12582
62 13058
2652 2281
2531 18112
1822 4150
3044 15436
400 15836
507 16804
3788 13662
1688 18669
145 16813
2863 11066
1782 7958
1773 10065
1598 3327
3632 6089
3884 17870
2360 4855
408 18092
2169 2601
2178 19240
2258 1746
3047 3294
483 18823
915 5049
3962 13417
1942 12118
239 9508
2457 7404
1681 14103
402 6281
1216 12694
1494 10622
3164 12749
1327 14046
1566 9701
1486 17571
389 10475
2787 3186
2164 10703
3370 320
2811 235
776 16116
3058 8453
3895 9135
2541 12470
2207 2121
12 8652
3750 1950
1490 6348
3240 7913
2681 9724
3626 10928
3812 5761
3403 19744
1046 8612
3004 14586
2625 442
3954 13230
3776 3652
2874 7015
1417 6324
652 5352
2397 6418
547 10965
2339 5918
3852 12468
2004 22
2268 8021
2584 4090
391 10513
1456 8526
687 7119
245 7712
1114 15661
2754 1291
1191 19068
3661 7483
2786 16556
1884 1649
1270 2635
1621 18537
2274 12104
3926 6683
111 14492
3975 7071
353 812
1324 4085
620 14120
192 835
3305 8919
3646 1824
904 5783
2465 7345
296 11327
815 4273
326 17160
2769 1943
2259 684
903 17298
2569 141
474 1432
3294 2041
2641 15968
186 14252
2504 10956
518 6294
2174 19980
2629 4575
845 7966
743 4105
3136 5722
1916 6133
128 11758
1734 9224
2223 2661
3154 9999
1785 6253
3401 11680
1768 13592
865 10339
2135 19875
1081 12690
1192 918
2470 9789
730 10988
167 4336
3317 13396
3263 10841
2025 4886
1732 10980
2006 602
2868 2186
2828 5733
2728 16682
3127 15109
395 9366
19 8976
268 8017
3622 4072
2322 7159
3726 3169
3407 13086
3736 3430
2617 9500
2771 19961
1461 19753
3973 4922
3732 8358
2204 14730
739 8382
3975 7407
766 8012
2310 4762
453 12733
1215 3144
1105 4887
2963 9159
3016 6426
2064 6234
1711 17255
2824 16893
768 8190
674 10924
797 6028
1263 14914
771 5892
2400 11646
994 5421
2838 11627
3724 6141
2555 2271
1228 869
2479 5956
185 973
805 8182
1611 18944
2927 6252
1678 9484
3958 17114
2132 15171
1039 5846
1104 1637
3626 19418
1888 6594
2189 13545
3274 8090
1057 12629
1195 17159
1068 2913
3979 4958
831 17155
2101 3570
2735 3724
2086 17369
1577 1802
1604 19923
3778 4974
3121 15816
3406 2122
1280 4530
626 5149
167 13435
507 8594
1461 19975
1968 7269
1638 1621
3077 9768
2292 17058
3122 10118
3761 6127
580 6502
563 1349
946 16561
3151 7478
3090 14359
1257 3621
397 13423
3946 8648
752 4350
1043 5228
101 4154
1041 14747
2081 11375
17 15034
2943 13057
3414 8886
1613 1460
2153 2976
1222 8297
625 10677
864 5001
163 17955
3430 17702
1723 7977
1704 11744
3212 11295
1138 5510
1940 6966
3674 8830
436 10049
1502 16359
3166 1012
1390 3964
3311 12492
2501 14684
1152 11087
2046 6120
440 5781
1637 2444
3556 18983
1643 2433
1033 2407
3198 1170
3800 15921
825 17726
3428 6048
2551 10654
3473 9491
2990 14504
461 8977
2361 883
3747 3852
950 9595
1709 2274
146 2759
138 9769
450 11273
3825 10796
83 11622
421 18097
3332 15159
2665 14974
3058 4463
3734 16315
788 2302
3818 6744
1129 17174
2531 1266
1327 4972
3693 17843
533 7808
2808 8984
531 1856
2701 7319
1112 4170
3010 17760
3524 6961
2380 7395
1976 11426
757 2322
298 3624
1391 4264
2813 652
1800 5099
689 8833
830 8750
1590 2943
308 4123
2663 17582
1797 10831
3285 11238
1720 12485
2401 14932
1525 10807
1935 17535
3224 3362
1559 5164
3907 16938
1405 4607
25 3198
2147 19267
2120 6493
2558 7564
2022 10458
1990 19514
736 13276
3282 15905
1806 13160
2724 7911
843 7939
3552 13902
452 6898
515 7891
2191 9861
2577 3605
2014 2260
3183 17562
52 6728
659 4494
1975 3805
185 2990
935 7366
1303 836
1165 11218
1619 5171
2871 7374
3891 9526
708 9867
2870 7044
1019 19521
1985 1175
289 11220
1340 19277
2442 2038
1566 8910
1135 6061
2054 17616
2369 11670
1228 13815
1405 11402
1816 5792
2401 5696
1233 224
3358 13588
1464 8297
494 4870
502 2125
2471 5094
2994 8710
593 14703
168 2805
2037 19665
3703 3433
3735 12755
3386 514
1701 11768
2873 12054
3248 10882
2304 10772
1178 14389
2737 11592
208 1789
3446 7455
2363 12210
3353 6123
1298 11163
3799 17128
466 7601
3602 288
2288 3045
2087 6189
174 5381
3648 7741
2252 7835
586 1690
353 1910
3657 11146
1546 3085
1354 4980
1635 14209
3993 11589
3444 2019
1781 4114
1005 6166
289 18463
2773 10197
92 6751
351 9688
2131 12604
1278 11155
3702 7994
475 11872
328 11607
2148 12959
1978 406
135 506
1019 10076
1408 5870
3113 12186
3951 4966
1131 2508
493 18794
1378 10465
865 4377
3612 13437
3214 12371
3563 443
1007 7770
1686 11895
2213 10841
1519 4555
1584 19366
3205 11896
1821 19940
2010 11047
2239 14156
3864 11248
3777 4813
3903 5179
3291 7985
3746 230
739 14402
2227 11526
2821 13644
3196 5201
1430 325
623 604
3878 1291
320 12256
1108 18381
210 19362
678 9965
1519 1171
441 19460
541 9397
1846 1287
3021 10016
1254 8168
3733 7780
967 12383
992 15151
511 9163
2692 9617
784 1171
1269 18941
2253 5042
824 9843
2252 3635
1498 8573
92 12569
2146 6743
2617 2211
1989 17490
254 10445
2873 858
827 14650
1739 12407
2727 7569
3573 5009
247 3366
554 10168
1423 13466
1716 5858
2584 5253
32 18486
1363 9203
1560 13192
1101 5389
2034 9926
3188 6010
3815 307
265 4422
934 3602
2070 9921
2793 12550
1314 16618
3209 11191
3650 8590
1966 3127
1939 12684
649 11909
677 13051
3302 9842
2970 9838
444 5026
2831 5494
3015 13558
3482 6217
1976 9640
3093 7522
2634 8662
2746 11913
2936 17698
688 17813
1102 2489
2756 9871
2781 18579
1947 3032
1108 10139
999 9581
2731 14767
216 7530
609 14858
85 17869
1256 1856
2604 1373
1055 2122
1638 19083
2433 5187
2078 12695
636 9905
1812 1302
3621 2504
2877 2226
2697 5420
2909 4723
3847 12629
1399 2141
1949 9112
1859 10521
3072 11396
3970 3865
1232 1290
2031 15734
299 12352
2391 8956
992 3687
3594 12009
263 9196
2194 10642
3471 12140
291 3142
1272 2524
691 3511
67 808
460 8630
3783 12602
512 2622
325 10717
605 5556
2429 6626
449 10317
1346 35
1231 7569
1868 1831
418 5215
45 6341
1378 18800
2087 940
2197 1056
283 5090
951 11659
580 1323
2413 9428
3942 3469
1143 12
1857 2481
868 13585
2091 269
3722 5173
892 8928
790 7041
3787 7485
577 6201
2202 7564
3044 8353
526 16685
1805 10688
257 14911
1810 7460
1371 14336
3141 16647
1374 10357
2057 3569
3297 5292
1476 11485
928 9440
1878 12448
209 1854
169 5927
3130 5285
617 10369
3778 8211
1365 4574
901 19454
631 2357
1420 12159
1969 13548
3676 3894
1144 9235
3021 13898
1541 4786
1630 11056
2505 9157
1576 6382
609 804
2448 9568
2091 14536
3936 17402
152 12715
504 9775
1827 2224
3809 10898
864 2115
3523 3771
2584 3713
